
Population quantity: 100
Mutation probability: 0.1
Crossover probability: 0.9

Indiv([2, 6, 1, 4, 3, 5, 8, 7, 9, 10], 47.467459149622435)
Indiv([9, 4, 10, 2, 6, 1, 3, 7, 8, 5], 45.60636511495515)
Indiv([5, 10, 2, 6, 1, 4, 3, 8, 7, 9], 44.36271737997356)
Indiv([10, 4, 9, 5, 8, 7, 3, 1, 6, 2], 45.606365114955146)
Indiv([4, 5, 9, 8, 7, 3, 1, 6, 2, 10], 45.27080320773979)
Indiv([5, 7, 8, 3, 6, 1, 2, 10, 4, 9], 47.31250006236168)
Indiv([10, 2, 1, 6, 3, 5, 9, 7, 8, 4], 48.099191511519834)
Indiv([4, 6, 1, 2, 10, 9, 5, 8, 7, 3], 43.78409838392295)
Indiv([9, 5, 10, 2, 1, 6, 4, 3, 7, 8], 44.04079431458596)
Indiv([6, 1, 3, 7, 8, 5, 9, 4, 10, 2], 45.606365114955146)

Standard deviation: 1.486988517728643
Mean: 45.71566593545917
Median 45.606365114955146


Population quantity: 250
Mutation probability: 0.1
Crossover probability: 0.9

Indiv([9, 10, 2, 6, 1, 4, 3, 7, 8, 5], 43.629476033689144)
Indiv([8, 5, 9, 10, 2, 1, 6, 4, 3, 7], 43.78409838392295)
Indiv([3, 4, 1, 6, 2, 10, 9, 5, 8, 7], 43.62947603368916)
Indiv([9, 5, 8, 7, 3, 4, 1, 6, 2, 10], 43.62947603368915)
Indiv([2, 6, 1, 4, 3, 7, 8, 5, 9, 10], 43.62947603368916)
Indiv([5, 9, 10, 2, 1, 6, 4, 3, 7, 8], 43.78409838392295)
Indiv([7, 3, 4, 1, 6, 2, 10, 9, 5, 8], 43.629476033689144)
Indiv([8, 5, 9, 10, 2, 6, 1, 4, 3, 7], 43.629476033689144)
Indiv([3, 7, 8, 5, 9, 10, 2, 6, 1, 4], 43.62947603368915)
Indiv([4, 1, 6, 2, 10, 5, 9, 8, 7, 3], 43.88617196435216)

Standard deviation: 0.09526574725830265
Mean: 43.68607009680221
Median 43.62947603368916


Population quantity: 350
Mutation probability: 0.1
Crossover probability: 0.9

Indiv([1, 4, 3, 7, 8, 5, 9, 10, 2, 6], 43.62947603368915)
Indiv([2, 10, 9, 5, 8, 7, 3, 4, 1, 6], 43.62947603368916)
Indiv([7, 3, 4, 1, 6, 2, 10, 9, 5, 8], 43.629476033689144)
Indiv([5, 9, 10, 2, 6, 1, 4, 3, 7, 8], 43.629476033689144)
Indiv([9, 10, 2, 6, 1, 4, 3, 7, 8, 5], 43.629476033689144)
Indiv([10, 2, 6, 1, 4, 3, 7, 8, 9, 5], 43.886171964352165)
Indiv([8, 5, 9, 10, 2, 6, 1, 4, 3, 7], 43.629476033689144)
Indiv([2, 6, 1, 4, 3, 7, 8, 9, 5, 10], 43.886171964352165)
Indiv([1, 4, 3, 7, 8, 5, 9, 10, 2, 6], 43.62947603368915)
Indiv([8, 5, 9, 10, 2, 6, 1, 4, 3, 7], 43.629476033689144)

Standard deviation: 0.10823250759890551
Mean: 43.68081521982175
Median 43.629476033689144


Population quantity: 500
Mutation probability: 0.1
Crossover probability: 0.9

Indiv([9, 10, 2, 6, 1, 4, 3, 7, 8, 5], 43.629476033689144)
Indiv([1, 6, 2, 10, 9, 5, 8, 7, 3, 4], 43.62947603368915)
Indiv([9, 5, 8, 7, 3, 4, 1, 6, 2, 10], 43.62947603368915)
Indiv([3, 7, 8, 5, 9, 10, 2, 1, 6, 4], 43.78409838392295)
Indiv([10, 9, 5, 8, 7, 3, 4, 6, 1, 2], 43.78409838392296)
Indiv([10, 2, 6, 1, 4, 3, 7, 8, 5, 9], 43.62947603368916)
Indiv([9, 10, 2, 6, 1, 4, 3, 7, 8, 5], 43.629476033689144)
Indiv([9, 5, 8, 7, 3, 4, 1, 6, 2, 10], 43.62947603368915)
Indiv([7, 3, 4, 1, 6, 2, 10, 9, 5, 8], 43.629476033689144)
Indiv([9, 5, 8, 7, 3, 4, 1, 6, 2, 10], 43.62947603368915)

Standard deviation: 0.06519450718761284
Mean: 43.660400503735914
Median 43.62947603368915


Population quantity: 1000
Mutation probability: 0.1
Crossover probability: 0.9

Indiv([1, 4, 3, 7, 8, 5, 9, 10, 2, 6], 43.62947603368915)
Indiv([9, 5, 8, 7, 3, 4, 1, 6, 2, 10], 43.62947603368915)
Indiv([6, 1, 4, 3, 7, 8, 5, 9, 10, 2], 43.62947603368915)
Indiv([5, 8, 7, 3, 4, 1, 6, 2, 10, 9], 43.62947603368915)
Indiv([5, 9, 10, 2, 6, 1, 4, 3, 7, 8], 43.629476033689144)
Indiv([8, 5, 9, 10, 2, 6, 1, 4, 3, 7], 43.629476033689144)
Indiv([3, 7, 8, 5, 9, 10, 2, 6, 1, 4], 43.62947603368915)
Indiv([6, 1, 4, 3, 7, 8, 5, 9, 10, 2], 43.62947603368915)
Indiv([8, 5, 9, 10, 2, 6, 1, 4, 3, 7], 43.629476033689144)
Indiv([3, 7, 8, 5, 9, 10, 2, 6, 1, 4], 43.62947603368915)

Standard deviation: 1.0323946600817336e-14
Mean: 43.62947603368916
Median 43.62947603368915


Population quantity: 100
Mutation probability: 0.1
Crossover probability: 0.8

Indiv([1, 4, 3, 8, 7, 5, 9, 10, 2, 6], 44.90742267397199)
Indiv([7, 3, 4, 6, 1, 2, 10, 5, 9, 8], 44.040794314585966)
Indiv([5, 9, 8, 7, 3, 4, 1, 6, 2, 10], 43.886171964352165)
Indiv([4, 3, 8, 7, 9, 5, 10, 2, 6, 1], 44.36271737997357)
Indiv([3, 1, 6, 10, 2, 4, 8, 5, 9, 7], 48.641559389976024)
Indiv([6, 2, 10, 5, 9, 8, 7, 3, 4, 1], 43.886171964352165)
Indiv([2, 1, 6, 3, 7, 8, 9, 5, 4, 10], 45.69899151486347)
Indiv([4, 9, 5, 8, 7, 3, 1, 6, 2, 10], 45.606365114955146)
Indiv([8, 9, 5, 6, 1, 2, 10, 4, 3, 7], 46.95554072520419)
Indiv([9, 5, 8, 7, 3, 4, 6, 1, 2, 10], 43.78409838392295)

Standard deviation: 1.5959166243011758
Mean: 45.17698334261577
Median 44.635070026972784


Population quantity: 250
Mutation probability: 0.1
Crossover probability: 0.8

Indiv([10, 2, 6, 1, 4, 3, 7, 8, 5, 9], 43.62947603368916)
Indiv([1, 6, 2, 10, 9, 5, 8, 7, 3, 4], 43.62947603368915)
Indiv([10, 2, 1, 6, 4, 3, 7, 8, 5, 9], 43.78409838392295)
Indiv([9, 10, 2, 6, 1, 4, 3, 7, 8, 5], 43.629476033689144)
Indiv([5, 9, 10, 2, 1, 6, 4, 3, 7, 8], 43.78409838392295)
Indiv([2, 6, 1, 4, 3, 7, 8, 5, 9, 10], 43.62947603368916)
Indiv([6, 2, 10, 9, 5, 8, 7, 3, 4, 1], 43.62947603368915)
Indiv([9, 10, 2, 6, 1, 4, 3, 7, 8, 5], 43.629476033689144)
Indiv([4, 3, 7, 8, 5, 9, 10, 2, 1, 6], 43.78409838392296)
Indiv([4, 1, 6, 2, 10, 9, 5, 8, 7, 3], 43.62947603368916)

Standard deviation: 0.0746896910206427
Mean: 43.67586273875931
Median 43.62947603368916


Population quantity: 350
Mutation probability: 0.1
Crossover probability: 0.8

Indiv([8, 5, 9, 10, 2, 6, 1, 4, 3, 7], 43.629476033689144)
Indiv([3, 4, 6, 1, 2, 10, 9, 5, 8, 7], 43.78409838392295)
Indiv([10, 9, 5, 8, 7, 3, 4, 6, 1, 2], 43.78409838392296)
Indiv([3, 7, 8, 5, 9, 10, 2, 6, 1, 4], 43.62947603368915)
Indiv([4, 1, 6, 2, 10, 9, 5, 8, 7, 3], 43.62947603368916)
Indiv([2, 10, 5, 9, 8, 7, 3, 4, 1, 6], 43.886171964352165)
Indiv([9, 10, 2, 1, 6, 4, 3, 7, 8, 5], 43.78409838392295)
Indiv([8, 5, 9, 10, 2, 1, 6, 4, 3, 7], 43.78409838392295)
Indiv([10, 2, 1, 6, 4, 3, 7, 8, 5, 9], 43.78409838392295)
Indiv([10, 9, 5, 8, 7, 3, 4, 6, 1, 2], 43.78409838392296)

Standard deviation: 0.08759361841541834
Mean: 43.74791903689573
Median 43.78409838392295


Population quantity: 500
Mutation probability: 0.1
Crossover probability: 0.8

Indiv([7, 3, 4, 1, 6, 2, 10, 9, 5, 8], 43.629476033689144)
Indiv([5, 8, 7, 3, 4, 1, 6, 2, 10, 9], 43.62947603368915)
Indiv([9, 10, 2, 6, 1, 4, 3, 7, 8, 5], 43.629476033689144)
Indiv([1, 2, 10, 9, 5, 8, 7, 3, 4, 6], 43.78409838392295)
Indiv([5, 9, 10, 2, 6, 1, 4, 3, 7, 8], 43.629476033689144)
Indiv([1, 4, 3, 7, 8, 5, 9, 10, 2, 6], 43.62947603368915)
Indiv([7, 3, 4, 6, 1, 2, 10, 9, 5, 8], 43.78409838392295)
Indiv([4, 3, 7, 8, 5, 9, 10, 2, 1, 6], 43.78409838392296)
Indiv([10, 9, 5, 8, 7, 3, 4, 1, 6, 2], 43.62947603368916)
Indiv([1, 4, 3, 7, 8, 5, 9, 10, 2, 6], 43.62947603368915)

Standard deviation: 0.07468969102064417
Mean: 43.6758627387593
Median 43.62947603368915


Population quantity: 1000
Mutation probability: 0.1
Crossover probability: 0.8

Indiv([8, 5, 9, 10, 2, 6, 1, 4, 3, 7], 43.629476033689144)
Indiv([9, 10, 2, 6, 1, 4, 3, 7, 8, 5], 43.629476033689144)
Indiv([7, 3, 4, 1, 6, 2, 10, 9, 5, 8], 43.629476033689144)
Indiv([9, 5, 8, 7, 3, 4, 1, 6, 2, 10], 43.62947603368915)
Indiv([9, 10, 2, 6, 1, 4, 3, 7, 8, 5], 43.629476033689144)
Indiv([9, 5, 8, 7, 3, 4, 1, 6, 2, 10], 43.62947603368915)
Indiv([9, 10, 2, 6, 1, 4, 3, 7, 8, 5], 43.629476033689144)
Indiv([10, 2, 6, 1, 4, 3, 7, 8, 5, 9], 43.62947603368916)
Indiv([7, 3, 4, 1, 6, 2, 10, 9, 5, 8], 43.629476033689144)
Indiv([1, 6, 2, 10, 9, 5, 8, 7, 3, 4], 43.62947603368915)

Standard deviation: 1.2306961192854808e-14
Mean: 43.62947603368916
Median 43.629476033689144


Population quantity: 100
Mutation probability: 0.1
Crossover probability: 0.7

Indiv([10, 2, 6, 1, 4, 3, 7, 8, 5, 9], 43.62947603368916)
Indiv([6, 1, 4, 3, 7, 8, 9, 5, 10, 2], 43.886171964352165)
Indiv([5, 9, 8, 7, 3, 6, 1, 2, 10, 4], 45.69899151486347)
Indiv([9, 5, 8, 7, 3, 4, 6, 1, 2, 10], 43.78409838392295)
Indiv([6, 1, 4, 3, 5, 8, 7, 9, 10, 2], 47.467459149622435)
Indiv([7, 3, 4, 1, 6, 2, 10, 9, 5, 8], 43.629476033689144)
Indiv([7, 3, 10, 2, 1, 6, 4, 5, 9, 8], 47.27528326995297)
Indiv([5, 9, 8, 7, 3, 4, 6, 1, 2, 10], 44.040794314585966)
Indiv([4, 2, 1, 6, 10, 5, 9, 8, 7, 3], 46.655902068895884)
Indiv([4, 10, 2, 1, 6, 5, 9, 8, 7, 3], 46.9555407252042)

Standard deviation: 1.6600473934529585
Mean: 45.30231934587785
Median 44.869892914724716


Population quantity: 250
Mutation probability: 0.1
Crossover probability: 0.7

Indiv([6, 2, 10, 9, 5, 8, 7, 3, 4, 1], 43.62947603368915)
Indiv([8, 7, 3, 4, 6, 1, 2, 10, 9, 5], 43.78409838392295)
Indiv([6, 1, 2, 10, 5, 9, 7, 8, 3, 4], 44.51733973020737)
Indiv([8, 3, 4, 1, 6, 2, 10, 9, 5, 7], 44.90742267397199)
Indiv([10, 2, 6, 1, 4, 3, 7, 8, 5, 9], 43.62947603368916)
Indiv([4, 6, 1, 2, 10, 9, 5, 8, 7, 3], 43.78409838392295)
Indiv([7, 3, 4, 1, 6, 2, 10, 9, 5, 8], 43.629476033689144)
Indiv([1, 4, 3, 7, 8, 9, 5, 10, 2, 6], 43.886171964352165)
Indiv([8, 9, 5, 10, 2, 1, 6, 4, 3, 7], 44.040794314585966)
Indiv([10, 9, 5, 7, 8, 3, 4, 6, 1, 2], 45.062045024205794)

Standard deviation: 0.5439514493512406
Mean: 44.08703985762367
Median 43.83513517413756


Population quantity: 350
Mutation probability: 0.1
Crossover probability: 0.7

Indiv([7, 3, 4, 1, 6, 2, 10, 9, 5, 8], 43.629476033689144)
Indiv([9, 5, 8, 7, 3, 4, 1, 6, 2, 10], 43.62947603368915)
Indiv([8, 7, 3, 4, 1, 6, 2, 10, 5, 9], 43.886171964352165)
Indiv([5, 8, 7, 3, 4, 1, 6, 2, 10, 9], 43.62947603368915)
Indiv([8, 5, 9, 10, 2, 1, 6, 4, 3, 7], 43.78409838392295)
Indiv([3, 7, 8, 5, 9, 10, 2, 1, 6, 4], 43.78409838392295)
Indiv([8, 7, 3, 4, 1, 6, 2, 10, 9, 5], 43.62947603368916)
Indiv([6, 1, 4, 3, 7, 8, 5, 9, 10, 2], 43.62947603368915)
Indiv([6, 1, 2, 10, 9, 5, 7, 8, 3, 4], 45.0620450242058)
Indiv([9, 5, 8, 7, 3, 4, 6, 1, 2, 10], 43.78409838392295)

Standard deviation: 0.43795905416814074
Mean: 43.84478923087727
Median 43.706787208806055


Population quantity: 500
Mutation probability: 0.1
Crossover probability: 0.7

Indiv([10, 2, 6, 1, 4, 3, 7, 8, 5, 9], 43.62947603368916)
Indiv([1, 4, 3, 7, 8, 5, 9, 10, 2, 6], 43.62947603368915)
Indiv([9, 10, 2, 6, 1, 4, 3, 7, 8, 5], 43.629476033689144)
Indiv([10, 5, 9, 8, 7, 3, 4, 6, 1, 2], 44.040794314585966)
Indiv([1, 4, 3, 7, 8, 5, 9, 10, 2, 6], 43.62947603368915)
Indiv([8, 9, 5, 10, 2, 6, 1, 4, 3, 7], 43.88617196435216)
Indiv([2, 6, 1, 4, 3, 7, 8, 9, 5, 10], 43.886171964352165)
Indiv([5, 9, 10, 2, 6, 1, 4, 3, 7, 8], 43.629476033689144)
Indiv([9, 10, 2, 6, 1, 4, 3, 7, 8, 5], 43.629476033689144)
Indiv([6, 1, 4, 3, 7, 8, 5, 9, 10, 2], 43.62947603368915)

Standard deviation: 0.1547253642658623
Mean: 43.721947047911435
Median 43.62947603368915


Population quantity: 1000
Mutation probability: 0.1
Crossover probability: 0.7

Indiv([4, 1, 6, 2, 10, 9, 5, 8, 7, 3], 43.62947603368916)
Indiv([8, 7, 3, 4, 6, 1, 2, 10, 9, 5], 43.78409838392295)
Indiv([8, 5, 9, 10, 2, 6, 1, 4, 3, 7], 43.629476033689144)
Indiv([8, 5, 9, 10, 2, 6, 1, 4, 3, 7], 43.629476033689144)
Indiv([9, 10, 2, 6, 1, 4, 3, 7, 8, 5], 43.629476033689144)
Indiv([10, 2, 6, 1, 4, 3, 7, 8, 5, 9], 43.62947603368916)
Indiv([9, 10, 2, 6, 1, 4, 3, 7, 8, 5], 43.629476033689144)
Indiv([7, 3, 4, 1, 6, 2, 10, 9, 5, 8], 43.629476033689144)
Indiv([8, 5, 9, 10, 2, 6, 1, 4, 3, 7], 43.629476033689144)
Indiv([3, 7, 8, 5, 9, 10, 2, 6, 1, 4], 43.62947603368915)

Standard deviation: 0.048895880390708954
Mean: 43.64493826871252
Median 43.629476033689144


Population quantity: 100
Mutation probability: 0.1
Crossover probability: 0.6

Indiv([2, 1, 6, 4, 3, 7, 5, 9, 8, 10], 47.265227557878084)
Indiv([3, 7, 8, 5, 9, 10, 2, 6, 1, 4], 43.62947603368915)
Indiv([4, 3, 7, 8, 9, 5, 10, 2, 6, 1], 43.886171964352165)
Indiv([4, 10, 2, 6, 1, 3, 7, 8, 5, 9], 45.60636511495515)
Indiv([1, 4, 3, 8, 7, 9, 5, 10, 2, 6], 44.36271737997356)
Indiv([8, 4, 10, 2, 6, 1, 3, 7, 9, 5], 46.30920398298284)
Indiv([6, 2, 10, 5, 7, 9, 8, 3, 4, 1], 47.64030249915498)
Indiv([3, 4, 8, 7, 9, 5, 10, 2, 6, 1], 47.33533998781276)
Indiv([9, 5, 8, 7, 3, 4, 10, 2, 1, 6], 47.16282124515092)
Indiv([4, 3, 7, 8, 9, 5, 10, 6, 1, 2], 46.655902068895884)

Standard deviation: 1.5229227765656548
Mean: 45.98535278348455
Median 46.48255302593936


Population quantity: 250
Mutation probability: 0.1
Crossover probability: 0.6

Indiv([3, 7, 8, 5, 9, 10, 2, 6, 1, 4], 43.62947603368915)
Indiv([3, 7, 8, 5, 9, 10, 2, 6, 1, 4], 43.62947603368915)
Indiv([4, 1, 6, 2, 10, 5, 9, 8, 7, 3], 43.88617196435216)
Indiv([10, 5, 9, 8, 7, 3, 4, 1, 6, 2], 43.886171964352165)
Indiv([10, 9, 5, 8, 7, 3, 4, 1, 6, 2], 43.62947603368916)
Indiv([7, 3, 4, 1, 6, 2, 10, 9, 5, 8], 43.629476033689144)
Indiv([5, 9, 10, 2, 6, 1, 4, 3, 7, 8], 43.629476033689144)
Indiv([9, 10, 2, 6, 1, 4, 3, 7, 8, 5], 43.629476033689144)
Indiv([5, 10, 2, 1, 6, 4, 3, 8, 7, 9], 44.51733973020736)
Indiv([4, 9, 5, 8, 7, 3, 6, 1, 2, 10], 46.03455342207883)

Standard deviation: 0.7641747720120947
Mean: 44.01010932831254
Median 43.62947603368916


Population quantity: 350
Mutation probability: 0.1
Crossover probability: 0.6

Indiv([4, 3, 8, 7, 9, 5, 10, 2, 6, 1], 44.36271737997357)
Indiv([4, 6, 1, 2, 10, 9, 5, 8, 7, 3], 43.78409838392295)
Indiv([4, 6, 1, 2, 10, 9, 5, 8, 7, 3], 43.78409838392295)
Indiv([9, 5, 10, 2, 1, 6, 4, 3, 7, 8], 44.04079431458596)
Indiv([8, 5, 9, 10, 2, 1, 6, 4, 3, 7], 43.78409838392295)
Indiv([9, 5, 8, 7, 3, 4, 1, 6, 2, 10], 43.62947603368915)
Indiv([4, 3, 7, 8, 5, 9, 10, 2, 6, 1], 43.62947603368916)
Indiv([3, 4, 1, 6, 2, 10, 9, 5, 8, 7], 43.62947603368916)
Indiv([9, 5, 8, 7, 3, 4, 1, 6, 2, 10], 43.62947603368915)
Indiv([2, 10, 9, 5, 8, 7, 3, 4, 1, 6], 43.62947603368916)

Standard deviation: 0.24033452978525566
Mean: 43.790318701477425
Median 43.706787208806055


Population quantity: 500
Mutation probability: 0.1
Crossover probability: 0.6

Indiv([1, 6, 2, 10, 5, 9, 8, 7, 3, 4], 43.886171964352165)
Indiv([4, 1, 6, 2, 10, 9, 5, 8, 7, 3], 43.62947603368916)
Indiv([1, 6, 2, 10, 9, 5, 8, 7, 3, 4], 43.62947603368915)
Indiv([4, 3, 7, 8, 5, 9, 10, 2, 6, 1], 43.62947603368916)
Indiv([9, 5, 8, 7, 3, 4, 1, 6, 2, 10], 43.62947603368915)
Indiv([1, 4, 3, 7, 8, 5, 9, 10, 2, 6], 43.62947603368915)
Indiv([7, 3, 4, 1, 6, 2, 10, 9, 5, 8], 43.629476033689144)
Indiv([9, 10, 2, 6, 1, 4, 3, 7, 8, 5], 43.629476033689144)
Indiv([1, 6, 2, 10, 9, 5, 8, 7, 3, 4], 43.62947603368915)
Indiv([7, 8, 9, 5, 10, 2, 6, 1, 4, 3], 43.88617196435216)

Standard deviation: 0.10823250759890252
Mean: 43.68081521982175
Median 43.62947603368915


Population quantity: 1000
Mutation probability: 0.1
Crossover probability: 0.6

Indiv([9, 10, 2, 6, 1, 4, 3, 7, 8, 5], 43.629476033689144)
Indiv([7, 8, 5, 9, 10, 2, 1, 6, 4, 3], 43.78409838392295)
Indiv([7, 3, 4, 1, 6, 2, 10, 9, 5, 8], 43.629476033689144)
Indiv([3, 7, 8, 5, 9, 10, 2, 6, 1, 4], 43.62947603368915)
Indiv([7, 3, 4, 1, 6, 2, 10, 9, 5, 8], 43.629476033689144)
Indiv([5, 9, 10, 2, 6, 1, 4, 3, 7, 8], 43.629476033689144)
Indiv([8, 5, 9, 10, 2, 6, 1, 4, 3, 7], 43.629476033689144)
Indiv([9, 5, 8, 7, 3, 4, 1, 6, 2, 10], 43.62947603368915)
Indiv([9, 5, 8, 7, 3, 4, 1, 6, 2, 10], 43.62947603368915)
Indiv([9, 10, 2, 6, 1, 4, 3, 7, 8, 5], 43.629476033689144)

Standard deviation: 0.04889588039070945
Mean: 43.64493826871253
Median 43.629476033689144


Population quantity: 100
Mutation probability: 0.2
Crossover probability: 0.9

Indiv([6, 1, 2, 10, 9, 5, 7, 8, 3, 4], 45.0620450242058)
Indiv([1, 4, 3, 7, 8, 5, 9, 10, 2, 6], 43.62947603368915)
Indiv([1, 4, 3, 8, 7, 9, 5, 10, 2, 6], 44.36271737997356)
Indiv([4, 1, 6, 2, 10, 9, 5, 8, 7, 3], 43.62947603368916)
Indiv([2, 10, 9, 5, 8, 7, 3, 4, 1, 6], 43.62947603368916)
Indiv([4, 10, 2, 6, 1, 3, 7, 8, 5, 9], 45.60636511495515)
Indiv([6, 1, 4, 3, 7, 8, 5, 9, 10, 2], 43.62947603368915)
Indiv([4, 3, 7, 8, 9, 5, 10, 2, 6, 1], 43.886171964352165)
Indiv([8, 5, 9, 7, 3, 4, 1, 6, 2, 10], 46.30920398298284)
Indiv([7, 3, 4, 1, 6, 2, 10, 9, 5, 8], 43.629476033689144)

Standard deviation: 0.9850788598044097
Mean: 44.33738836349153
Median 43.75782399902066


Population quantity: 250
Mutation probability: 0.2
Crossover probability: 0.9

Indiv([6, 2, 10, 9, 5, 8, 7, 3, 4, 1], 43.62947603368915)
Indiv([1, 4, 3, 7, 8, 5, 9, 10, 2, 6], 43.62947603368915)
Indiv([2, 10, 5, 9, 7, 8, 3, 4, 1, 6], 44.36271737997356)
Indiv([1, 6, 2, 10, 9, 5, 8, 7, 3, 4], 43.62947603368915)
Indiv([8, 3, 4, 1, 6, 2, 10, 5, 9, 7], 44.36271737997356)
Indiv([8, 4, 10, 2, 6, 1, 3, 7, 9, 5], 46.30920398298284)
Indiv([3, 4, 6, 1, 2, 10, 9, 5, 8, 7], 43.78409838392295)
Indiv([5, 9, 10, 2, 6, 1, 4, 3, 7, 8], 43.629476033689144)
Indiv([7, 3, 4, 1, 6, 2, 10, 9, 5, 8], 43.629476033689144)
Indiv([3, 4, 1, 6, 2, 10, 9, 5, 8, 7], 43.62947603368916)

Standard deviation: 0.8452757114055292
Mean: 44.05955933289877
Median 43.62947603368916


Population quantity: 350
Mutation probability: 0.2
Crossover probability: 0.9

Indiv([10, 5, 9, 8, 7, 3, 4, 1, 6, 2], 43.886171964352165)
Indiv([3, 7, 8, 5, 9, 10, 2, 6, 1, 4], 43.62947603368915)
Indiv([5, 9, 10, 2, 6, 1, 4, 3, 7, 8], 43.629476033689144)
Indiv([1, 6, 2, 10, 9, 5, 8, 7, 3, 4], 43.62947603368915)
Indiv([2, 10, 9, 5, 8, 7, 3, 4, 1, 6], 43.62947603368916)
Indiv([6, 1, 4, 3, 7, 8, 5, 9, 10, 2], 43.62947603368915)
Indiv([6, 1, 4, 3, 7, 8, 5, 9, 10, 2], 43.62947603368915)
Indiv([10, 2, 6, 1, 4, 3, 7, 8, 5, 9], 43.62947603368916)
Indiv([7, 3, 4, 6, 1, 2, 10, 9, 5, 8], 43.78409838392295)
Indiv([1, 4, 3, 7, 8, 5, 9, 10, 2, 6], 43.62947603368915)

Standard deviation: 0.08998925811869826
Mean: 43.670607861778834
Median 43.62947603368915


Population quantity: 500
Mutation probability: 0.2
Crossover probability: 0.9

Indiv([7, 3, 4, 1, 6, 2, 10, 9, 5, 8], 43.629476033689144)
Indiv([7, 3, 4, 1, 6, 2, 10, 9, 5, 8], 43.629476033689144)
Indiv([6, 1, 4, 3, 7, 8, 5, 9, 10, 2], 43.62947603368915)
Indiv([6, 2, 10, 9, 5, 8, 7, 3, 4, 1], 43.62947603368915)
Indiv([9, 5, 8, 7, 3, 4, 1, 6, 2, 10], 43.62947603368915)
Indiv([10, 2, 1, 6, 4, 3, 7, 8, 5, 9], 43.78409838392295)
Indiv([7, 3, 4, 1, 6, 2, 10, 9, 5, 8], 43.629476033689144)
Indiv([10, 9, 5, 8, 7, 3, 4, 1, 6, 2], 43.62947603368916)
Indiv([7, 3, 4, 1, 6, 2, 10, 9, 5, 8], 43.629476033689144)
Indiv([1, 6, 2, 10, 9, 5, 8, 7, 3, 4], 43.62947603368915)

Standard deviation: 0.048895880390708704
Mean: 43.64493826871254
Median 43.62947603368915


Population quantity: 1000
Mutation probability: 0.2
Crossover probability: 0.9

Indiv([8, 5, 9, 10, 2, 6, 1, 4, 3, 7], 43.629476033689144)
Indiv([8, 7, 3, 4, 1, 6, 2, 10, 9, 5], 43.62947603368916)
Indiv([1, 6, 2, 10, 9, 5, 8, 7, 3, 4], 43.62947603368915)
Indiv([7, 3, 4, 1, 6, 2, 10, 9, 5, 8], 43.629476033689144)
Indiv([10, 2, 6, 1, 4, 3, 7, 8, 5, 9], 43.62947603368916)
Indiv([8, 5, 9, 10, 2, 6, 1, 4, 3, 7], 43.629476033689144)
Indiv([7, 3, 4, 1, 6, 2, 10, 9, 5, 8], 43.629476033689144)
Indiv([7, 3, 4, 1, 6, 2, 10, 9, 5, 8], 43.629476033689144)
Indiv([5, 8, 7, 3, 4, 1, 6, 2, 10, 9], 43.62947603368915)
Indiv([8, 5, 9, 10, 2, 6, 1, 4, 3, 7], 43.629476033689144)

Standard deviation: 6.6990611570507735e-15
Mean: 43.62947603368915
Median 43.629476033689144


Population quantity: 100
Mutation probability: 0.2
Crossover probability: 0.8

Indiv([10, 8, 5, 9, 7, 3, 4, 1, 6, 2], 46.30920398298284)
Indiv([3, 4, 6, 1, 2, 10, 9, 5, 8, 7], 43.78409838392295)
Indiv([5, 9, 8, 7, 3, 4, 6, 1, 2, 10], 44.040794314585966)
Indiv([10, 2, 1, 6, 4, 3, 7, 8, 5, 9], 43.78409838392295)
Indiv([9, 5, 8, 7, 3, 4, 1, 6, 2, 10], 43.62947603368915)
Indiv([4, 1, 6, 2, 10, 5, 9, 7, 8, 3], 44.36271737997356)
Indiv([3, 4, 6, 1, 2, 10, 5, 8, 9, 7], 46.51697820910593)
Indiv([4, 1, 6, 2, 10, 9, 5, 8, 7, 3], 43.62947603368916)
Indiv([4, 1, 6, 2, 10, 9, 5, 8, 7, 3], 43.62947603368916)
Indiv([10, 2, 6, 1, 4, 3, 7, 8, 9, 5], 43.886171964352165)

Standard deviation: 1.1076807244453124
Mean: 44.35724907199139
Median 43.83513517413756


Population quantity: 250
Mutation probability: 0.2
Crossover probability: 0.8

Indiv([8, 7, 3, 10, 2, 6, 1, 4, 5, 9], 47.12066091971917)
Indiv([7, 3, 4, 1, 6, 2, 10, 9, 5, 8], 43.629476033689144)
Indiv([3, 4, 6, 1, 2, 10, 9, 5, 8, 7], 43.78409838392295)
Indiv([8, 5, 9, 10, 2, 6, 1, 4, 3, 7], 43.629476033689144)
Indiv([1, 6, 2, 10, 5, 9, 7, 8, 3, 4], 44.36271737997357)
Indiv([9, 10, 2, 1, 6, 4, 3, 7, 8, 5], 43.78409838392295)
Indiv([7, 3, 4, 6, 1, 2, 10, 9, 5, 8], 43.78409838392295)
Indiv([4, 1, 6, 2, 10, 5, 9, 8, 7, 3], 43.88617196435216)
Indiv([8, 5, 9, 10, 2, 6, 1, 4, 3, 7], 43.629476033689144)
Indiv([9, 5, 8, 7, 3, 4, 1, 6, 2, 10], 43.62947603368915)

Standard deviation: 1.07591511243013
Mean: 44.12397495505704
Median 43.78409838392295


Population quantity: 350
Mutation probability: 0.2
Crossover probability: 0.8

Indiv([3, 6, 1, 2, 10, 4, 9, 5, 8, 7], 46.03455342207883)
Indiv([8, 7, 3, 4, 6, 1, 2, 10, 5, 9], 44.040794314585966)
Indiv([3, 7, 8, 5, 9, 10, 2, 1, 6, 4], 43.78409838392295)
Indiv([10, 2, 1, 6, 4, 3, 7, 8, 9, 5], 44.040794314585966)
Indiv([5, 9, 10, 2, 1, 6, 4, 3, 7, 8], 43.78409838392295)
Indiv([9, 10, 2, 6, 1, 4, 3, 7, 8, 5], 43.629476033689144)
Indiv([8, 7, 3, 4, 1, 6, 2, 10, 5, 9], 43.886171964352165)
Indiv([5, 9, 10, 2, 6, 1, 4, 3, 7, 8], 43.629476033689144)
Indiv([9, 10, 2, 6, 1, 4, 3, 7, 8, 5], 43.629476033689144)
Indiv([5, 9, 10, 2, 6, 1, 4, 3, 7, 8], 43.629476033689144)

Standard deviation: 0.7300905678607693
Mean: 44.00884149182053
Median 43.78409838392295


Population quantity: 500
Mutation probability: 0.2
Crossover probability: 0.8

Indiv([4, 1, 6, 2, 10, 5, 9, 8, 7, 3], 43.88617196435216)
Indiv([3, 7, 8, 5, 9, 10, 2, 1, 6, 4], 43.78409838392295)
Indiv([4, 6, 1, 2, 10, 5, 9, 8, 7, 3], 44.040794314585966)
Indiv([8, 5, 9, 10, 2, 6, 1, 4, 3, 7], 43.629476033689144)
Indiv([5, 9, 10, 2, 6, 1, 4, 3, 7, 8], 43.629476033689144)
Indiv([7, 3, 4, 1, 6, 2, 10, 9, 5, 8], 43.629476033689144)
Indiv([8, 7, 3, 4, 6, 1, 2, 10, 9, 5], 43.78409838392295)
Indiv([9, 10, 2, 6, 1, 4, 3, 7, 8, 5], 43.629476033689144)
Indiv([8, 7, 3, 4, 1, 6, 2, 10, 5, 9], 43.886171964352165)
Indiv([4, 3, 7, 8, 5, 9, 10, 2, 6, 1], 43.62947603368916)

Standard deviation: 0.14776859418306137
Mean: 43.75287151795819
Median 43.706787208806055


Population quantity: 1000
Mutation probability: 0.2
Crossover probability: 0.8

Indiv([3, 7, 8, 5, 9, 10, 2, 6, 1, 4], 43.62947603368915)
Indiv([8, 5, 9, 10, 2, 6, 1, 4, 3, 7], 43.629476033689144)
Indiv([5, 9, 10, 2, 6, 1, 4, 3, 7, 8], 43.629476033689144)
Indiv([8, 5, 9, 10, 2, 6, 1, 4, 3, 7], 43.629476033689144)
Indiv([7, 3, 4, 1, 6, 2, 10, 9, 5, 8], 43.629476033689144)
Indiv([9, 10, 2, 6, 1, 4, 3, 7, 8, 5], 43.629476033689144)
Indiv([6, 2, 10, 9, 5, 8, 7, 3, 4, 1], 43.62947603368915)
Indiv([5, 9, 10, 2, 6, 1, 4, 3, 7, 8], 43.629476033689144)
Indiv([9, 5, 8, 7, 3, 4, 1, 6, 2, 10], 43.62947603368915)
Indiv([9, 10, 2, 6, 1, 4, 3, 7, 8, 5], 43.629476033689144)

Standard deviation: 6.2663979156823534e-15
Mean: 43.62947603368915
Median 43.629476033689144


Population quantity: 100
Mutation probability: 0.2
Crossover probability: 0.7

Indiv([5, 8, 7, 3, 4, 6, 1, 2, 10, 9], 43.78409838392295)
Indiv([2, 10, 5, 9, 7, 3, 8, 4, 6, 1], 48.260148599776024)
Indiv([7, 9, 8, 5, 10, 2, 6, 1, 4, 3], 46.36235585887212)
Indiv([9, 10, 2, 6, 1, 4, 3, 7, 8, 5], 43.629476033689144)
Indiv([2, 10, 5, 9, 7, 8, 3, 4, 1, 6], 44.36271737997356)
Indiv([9, 10, 2, 6, 1, 4, 3, 7, 8, 5], 43.629476033689144)
Indiv([6, 4, 3, 7, 8, 5, 9, 10, 2, 1], 43.78409838392296)
Indiv([8, 7, 9, 5, 10, 2, 6, 1, 4, 3], 44.36271737997356)
Indiv([9, 7, 8, 3, 6, 1, 2, 10, 4, 5], 46.17553693048487)
Indiv([9, 7, 3, 1, 6, 2, 10, 4, 8, 5], 46.30920398298284)

Standard deviation: 1.6007883730006802
Mean: 45.06598289672871
Median 44.36271737997356


Population quantity: 250
Mutation probability: 0.2
Crossover probability: 0.7

Indiv([5, 8, 7, 3, 4, 1, 6, 2, 10, 9], 43.62947603368915)
Indiv([9, 10, 2, 6, 1, 4, 3, 7, 8, 5], 43.629476033689144)
Indiv([6, 2, 10, 9, 5, 8, 7, 3, 4, 1], 43.62947603368915)
Indiv([7, 3, 4, 1, 6, 2, 10, 9, 5, 8], 43.629476033689144)
Indiv([10, 2, 6, 1, 4, 3, 7, 8, 5, 9], 43.62947603368916)
Indiv([4, 3, 8, 7, 9, 5, 10, 2, 6, 1], 44.36271737997357)
Indiv([5, 4, 10, 2, 6, 1, 3, 7, 8, 9], 45.27080320773979)
Indiv([10, 2, 1, 6, 4, 3, 7, 8, 5, 9], 43.78409838392295)
Indiv([5, 9, 10, 2, 6, 1, 4, 3, 7, 8], 43.629476033689144)
Indiv([6, 1, 4, 3, 7, 8, 9, 5, 10, 2], 43.886171964352165)

Standard deviation: 0.53179800982255
Mean: 43.90806471381233
Median 43.62947603368916


Population quantity: 350
Mutation probability: 0.2
Crossover probability: 0.7

Indiv([3, 7, 8, 5, 9, 10, 2, 6, 1, 4], 43.62947603368915)
Indiv([9, 5, 8, 7, 3, 4, 1, 6, 2, 10], 43.62947603368915)
Indiv([1, 4, 3, 7, 8, 5, 9, 10, 2, 6], 43.62947603368915)
Indiv([10, 9, 5, 7, 8, 3, 4, 1, 6, 2], 44.90742267397199)
Indiv([10, 5, 9, 8, 7, 3, 4, 1, 6, 2], 43.886171964352165)
Indiv([4, 1, 6, 2, 10, 5, 9, 8, 7, 3], 43.88617196435216)
Indiv([8, 5, 9, 10, 2, 6, 1, 4, 3, 7], 43.629476033689144)
Indiv([8, 5, 9, 10, 2, 6, 1, 4, 3, 7], 43.629476033689144)
Indiv([7, 3, 4, 1, 6, 2, 10, 9, 5, 8], 43.629476033689144)
Indiv([2, 10, 4, 5, 9, 8, 7, 3, 1, 6], 45.27080320773979)

Standard deviation: 0.6037446797778087
Mean: 43.9727426012551
Median 43.62947603368915


Population quantity: 500
Mutation probability: 0.2
Crossover probability: 0.7

Indiv([1, 6, 2, 10, 9, 5, 8, 7, 3, 4], 43.62947603368915)
Indiv([9, 10, 2, 1, 6, 4, 3, 7, 8, 5], 43.78409838392295)
Indiv([3, 7, 8, 5, 9, 10, 2, 6, 1, 4], 43.62947603368915)
Indiv([7, 3, 4, 1, 6, 2, 10, 9, 5, 8], 43.629476033689144)
Indiv([5, 9, 10, 2, 6, 1, 4, 3, 7, 8], 43.629476033689144)
Indiv([10, 9, 5, 8, 7, 3, 4, 1, 6, 2], 43.62947603368916)
Indiv([3, 7, 8, 5, 9, 10, 2, 6, 1, 4], 43.62947603368915)
Indiv([6, 1, 4, 3, 7, 8, 5, 9, 10, 2], 43.62947603368915)
Indiv([9, 5, 8, 7, 3, 4, 1, 6, 2, 10], 43.62947603368915)
Indiv([7, 3, 4, 1, 6, 2, 10, 9, 5, 8], 43.629476033689144)

Standard deviation: 0.048895880390708454
Mean: 43.64493826871253
Median 43.62947603368915


Population quantity: 1000
Mutation probability: 0.2
Crossover probability: 0.7

Indiv([7, 3, 4, 1, 6, 2, 10, 9, 5, 8], 43.629476033689144)
Indiv([1, 4, 3, 7, 8, 5, 9, 10, 2, 6], 43.62947603368915)
Indiv([7, 3, 4, 1, 6, 2, 10, 9, 5, 8], 43.629476033689144)
Indiv([5, 9, 10, 2, 6, 1, 4, 3, 7, 8], 43.629476033689144)
Indiv([7, 3, 4, 1, 6, 2, 10, 9, 5, 8], 43.629476033689144)
Indiv([5, 9, 10, 2, 6, 1, 4, 3, 7, 8], 43.629476033689144)
Indiv([5, 9, 10, 2, 6, 1, 4, 3, 7, 8], 43.629476033689144)
Indiv([1, 4, 3, 7, 8, 5, 9, 10, 2, 6], 43.62947603368915)
Indiv([5, 8, 7, 3, 4, 1, 6, 2, 10, 9], 43.62947603368915)
Indiv([9, 10, 2, 6, 1, 4, 3, 7, 8, 5], 43.629476033689144)

Standard deviation: 6.2663979156823534e-15
Mean: 43.62947603368915
Median 43.629476033689144


Population quantity: 100
Mutation probability: 0.2
Crossover probability: 0.6

Indiv([9, 5, 8, 7, 3, 4, 6, 1, 2, 10], 43.78409838392295)
Indiv([9, 5, 10, 2, 1, 6, 3, 4, 8, 7], 47.76352829493644)
Indiv([9, 8, 7, 3, 4, 6, 1, 2, 10, 5], 44.040794314585966)
Indiv([10, 2, 6, 1, 5, 9, 7, 8, 3, 4], 47.35770452807519)
Indiv([4, 10, 2, 6, 1, 3, 7, 9, 5, 8], 46.309203982982844)
Indiv([3, 1, 6, 2, 10, 8, 7, 9, 5, 4], 48.71997123120038)
Indiv([4, 3, 7, 8, 9, 5, 10, 2, 6, 1], 43.886171964352165)
Indiv([6, 1, 4, 3, 7, 8, 5, 9, 10, 2], 43.62947603368915)
Indiv([6, 1, 3, 7, 8, 5, 9, 4, 10, 2], 45.606365114955146)
Indiv([10, 5, 9, 7, 8, 3, 4, 1, 6, 2], 44.36271737997356)

Standard deviation: 1.887329539599011
Mean: 45.54600312286739
Median 44.98454124746435


Population quantity: 250
Mutation probability: 0.2
Crossover probability: 0.6

Indiv([1, 4, 3, 7, 8, 5, 9, 10, 2, 6], 43.62947603368915)
Indiv([8, 5, 9, 10, 2, 6, 1, 4, 3, 7], 43.629476033689144)
Indiv([10, 2, 1, 6, 4, 3, 7, 8, 5, 9], 43.78409838392295)
Indiv([1, 6, 2, 10, 9, 5, 8, 7, 3, 4], 43.62947603368915)
Indiv([7, 3, 4, 1, 6, 2, 10, 5, 9, 8], 43.886171964352165)
Indiv([3, 8, 7, 9, 5, 10, 2, 1, 6, 4], 44.51733973020737)
Indiv([4, 3, 7, 8, 9, 5, 10, 2, 6, 1], 43.886171964352165)
Indiv([3, 4, 6, 1, 2, 10, 9, 5, 8, 7], 43.78409838392295)
Indiv([3, 7, 8, 5, 9, 4, 10, 2, 6, 1], 45.606365114955146)
Indiv([6, 2, 10, 4, 8, 5, 9, 7, 3, 1], 46.30920398298284)

Standard deviation: 0.9429809561200839
Mean: 44.26618776257631
Median 43.83513517413756


Population quantity: 350
Mutation probability: 0.2
Crossover probability: 0.6

Indiv([5, 8, 7, 3, 4, 1, 6, 2, 10, 9], 43.62947603368915)
Indiv([7, 3, 4, 1, 6, 2, 10, 9, 5, 8], 43.629476033689144)
Indiv([1, 4, 3, 7, 8, 5, 9, 10, 2, 6], 43.62947603368915)
Indiv([9, 10, 2, 6, 1, 4, 3, 7, 8, 5], 43.629476033689144)
Indiv([10, 2, 6, 1, 4, 3, 7, 8, 5, 9], 43.62947603368916)
Indiv([6, 1, 4, 3, 7, 8, 9, 5, 10, 2], 43.886171964352165)
Indiv([9, 10, 2, 6, 1, 4, 3, 7, 8, 5], 43.629476033689144)
Indiv([3, 7, 8, 5, 9, 10, 2, 6, 1, 4], 43.62947603368915)
Indiv([9, 10, 2, 6, 1, 4, 3, 7, 8, 5], 43.629476033689144)
Indiv([10, 2, 6, 1, 4, 3, 7, 8, 5, 9], 43.62947603368916)

Standard deviation: 0.08117438069917851
Mean: 43.655145626755456
Median 43.62947603368915


Population quantity: 500
Mutation probability: 0.2
Crossover probability: 0.6

Indiv([6, 2, 10, 5, 9, 8, 7, 3, 4, 1], 43.886171964352165)
Indiv([9, 5, 8, 7, 3, 4, 1, 6, 2, 10], 43.62947603368915)
Indiv([7, 3, 4, 6, 1, 2, 10, 9, 5, 8], 43.78409838392295)
Indiv([9, 5, 8, 7, 3, 4, 1, 6, 2, 10], 43.62947603368915)
Indiv([1, 6, 2, 10, 9, 5, 8, 7, 3, 4], 43.62947603368915)
Indiv([5, 8, 7, 3, 4, 1, 6, 2, 10, 9], 43.62947603368915)
Indiv([1, 6, 2, 10, 9, 5, 8, 7, 3, 4], 43.62947603368915)
Indiv([7, 3, 4, 1, 6, 2, 10, 9, 5, 8], 43.629476033689144)
Indiv([5, 9, 10, 2, 6, 1, 4, 3, 7, 8], 43.629476033689144)
Indiv([4, 1, 6, 2, 10, 9, 5, 8, 7, 3], 43.62947603368916)

Standard deviation: 0.089989258118699
Mean: 43.670607861778834
Median 43.62947603368915


Population quantity: 1000
Mutation probability: 0.2
Crossover probability: 0.6

Indiv([8, 9, 5, 10, 2, 1, 6, 4, 3, 7], 44.040794314585966)
Indiv([8, 5, 9, 10, 2, 6, 1, 4, 3, 7], 43.629476033689144)
Indiv([7, 3, 4, 1, 6, 2, 10, 9, 5, 8], 43.629476033689144)
Indiv([1, 4, 3, 7, 8, 5, 9, 10, 2, 6], 43.62947603368915)
Indiv([1, 6, 2, 10, 9, 5, 8, 7, 3, 4], 43.62947603368915)
Indiv([9, 10, 2, 6, 1, 4, 3, 7, 8, 5], 43.629476033689144)
Indiv([5, 8, 7, 3, 4, 1, 6, 2, 10, 9], 43.62947603368915)
Indiv([9, 10, 2, 6, 1, 4, 3, 7, 8, 5], 43.629476033689144)
Indiv([9, 5, 8, 7, 3, 4, 1, 6, 2, 10], 43.62947603368915)
Indiv([2, 10, 9, 5, 8, 7, 3, 4, 1, 6], 43.62947603368916)

Standard deviation: 0.13007026108988676
Mean: 43.67060786177884
Median 43.62947603368915


Population quantity: 100
Mutation probability: 0.3
Crossover probability: 0.9

Indiv([2, 1, 6, 4, 3, 7, 8, 9, 5, 10], 44.040794314585966)
Indiv([10, 9, 5, 8, 7, 3, 4, 1, 6, 2], 43.62947603368916)
Indiv([3, 7, 8, 9, 5, 10, 2, 6, 1, 4], 43.886171964352165)
Indiv([1, 6, 2, 10, 4, 8, 9, 5, 7, 3], 47.11060520764428)
Indiv([8, 5, 9, 10, 2, 1, 6, 4, 3, 7], 43.78409838392295)
Indiv([7, 8, 5, 9, 10, 2, 6, 1, 4, 3], 43.62947603368916)
Indiv([10, 2, 6, 1, 4, 3, 8, 7, 9, 5], 44.36271737997356)
Indiv([5, 9, 8, 7, 3, 6, 1, 2, 10, 4], 45.69899151486347)
Indiv([9, 10, 2, 6, 1, 4, 3, 7, 8, 5], 43.629476033689144)
Indiv([4, 6, 1, 2, 10, 9, 5, 8, 7, 3], 43.78409838392295)

Standard deviation: 1.1522570435881108
Mean: 44.35559052503328
Median 43.83513517413756


Population quantity: 250
Mutation probability: 0.3
Crossover probability: 0.9

Indiv([8, 5, 9, 10, 2, 6, 1, 4, 3, 7], 43.629476033689144)
Indiv([3, 4, 1, 6, 2, 10, 9, 5, 8, 7], 43.62947603368916)
Indiv([5, 9, 10, 2, 1, 6, 4, 3, 7, 8], 43.78409838392295)
Indiv([5, 8, 7, 3, 4, 6, 1, 2, 10, 9], 43.78409838392295)
Indiv([4, 3, 7, 8, 5, 9, 10, 2, 6, 1], 43.62947603368916)
Indiv([10, 2, 6, 1, 4, 3, 8, 7, 9, 5], 44.36271737997356)
Indiv([5, 9, 7, 8, 3, 4, 6, 1, 2, 10], 44.51733973020737)
Indiv([1, 4, 3, 7, 8, 5, 9, 10, 2, 6], 43.62947603368915)
Indiv([6, 2, 10, 9, 5, 8, 7, 3, 4, 1], 43.62947603368915)
Indiv([9, 8, 7, 3, 4, 1, 6, 2, 10, 5], 43.886171964352165)

Standard deviation: 0.32682596128207136
Mean: 43.84818060108248
Median 43.706787208806055


Population quantity: 350
Mutation probability: 0.3
Crossover probability: 0.9

Indiv([9, 10, 2, 6, 1, 4, 3, 7, 8, 5], 43.629476033689144)
Indiv([3, 7, 8, 5, 9, 10, 2, 6, 1, 4], 43.62947603368915)
Indiv([9, 10, 2, 6, 1, 4, 3, 7, 8, 5], 43.629476033689144)
Indiv([1, 6, 2, 10, 9, 5, 8, 7, 3, 4], 43.62947603368915)
Indiv([7, 3, 4, 1, 6, 2, 10, 9, 5, 8], 43.629476033689144)
Indiv([7, 3, 4, 1, 6, 2, 10, 9, 5, 8], 43.629476033689144)
Indiv([10, 2, 6, 1, 4, 3, 7, 8, 5, 9], 43.62947603368916)
Indiv([9, 10, 2, 6, 1, 4, 3, 7, 8, 5], 43.629476033689144)
Indiv([6, 2, 10, 9, 5, 8, 7, 3, 4, 1], 43.62947603368915)
Indiv([8, 5, 9, 10, 2, 6, 1, 4, 3, 7], 43.629476033689144)

Standard deviation: 6.2663979156823534e-15
Mean: 43.62947603368915
Median 43.629476033689144


Population quantity: 500
Mutation probability: 0.3
Crossover probability: 0.9

Indiv([8, 7, 3, 4, 6, 1, 2, 10, 9, 5], 43.78409838392295)
Indiv([9, 10, 2, 6, 1, 4, 3, 7, 8, 5], 43.629476033689144)
Indiv([8, 5, 9, 10, 2, 6, 1, 4, 3, 7], 43.629476033689144)
Indiv([7, 3, 4, 1, 6, 2, 10, 9, 5, 8], 43.629476033689144)
Indiv([3, 7, 8, 5, 9, 10, 2, 6, 1, 4], 43.62947603368915)
Indiv([9, 5, 8, 7, 3, 4, 1, 6, 2, 10], 43.62947603368915)
Indiv([4, 3, 7, 8, 5, 9, 10, 2, 6, 1], 43.62947603368916)
Indiv([7, 3, 4, 1, 6, 2, 10, 9, 5, 8], 43.629476033689144)
Indiv([5, 8, 7, 3, 4, 1, 6, 2, 10, 9], 43.62947603368915)
Indiv([5, 9, 10, 2, 1, 6, 4, 3, 7, 8], 43.78409838392295)

Standard deviation: 0.06519450718761173
Mean: 43.660400503735914
Median 43.62947603368915


Population quantity: 1000
Mutation probability: 0.3
Crossover probability: 0.9

Indiv([7, 3, 4, 1, 6, 2, 10, 9, 5, 8], 43.629476033689144)
Indiv([8, 5, 9, 10, 2, 6, 1, 4, 3, 7], 43.629476033689144)
Indiv([9, 10, 2, 6, 1, 4, 3, 7, 8, 5], 43.629476033689144)
Indiv([1, 4, 3, 7, 8, 5, 9, 10, 2, 6], 43.62947603368915)
Indiv([9, 10, 2, 6, 1, 4, 3, 7, 8, 5], 43.629476033689144)
Indiv([8, 5, 9, 10, 2, 6, 1, 4, 3, 7], 43.629476033689144)
Indiv([9, 5, 8, 7, 3, 4, 1, 6, 2, 10], 43.62947603368915)
Indiv([3, 7, 8, 5, 9, 10, 2, 6, 1, 4], 43.62947603368915)
Indiv([8, 5, 9, 10, 2, 6, 1, 4, 3, 7], 43.629476033689144)
Indiv([7, 3, 4, 1, 6, 2, 10, 9, 5, 8], 43.629476033689144)

Standard deviation: 6.2663979156823534e-15
Mean: 43.62947603368915
Median 43.629476033689144


Population quantity: 100
Mutation probability: 0.3
Crossover probability: 0.8

Indiv([9, 10, 2, 6, 1, 4, 3, 7, 8, 5], 43.629476033689144)
Indiv([3, 7, 8, 5, 9, 10, 2, 6, 1, 4], 43.62947603368915)
Indiv([10, 2, 1, 6, 4, 3, 8, 9, 7, 5], 47.79492484938878)
Indiv([6, 2, 10, 5, 9, 8, 7, 3, 4, 1], 43.886171964352165)
Indiv([5, 9, 8, 7, 3, 6, 1, 2, 10, 4], 45.69899151486347)
Indiv([7, 8, 9, 5, 4, 10, 2, 6, 1, 3], 45.27080320773979)
Indiv([4, 8, 5, 9, 7, 3, 6, 1, 2, 10], 46.73739229010652)
Indiv([8, 7, 5, 9, 10, 2, 6, 1, 4, 3], 44.90742267397199)
Indiv([7, 8, 5, 9, 10, 2, 1, 6, 4, 3], 43.78409838392295)
Indiv([5, 8, 7, 3, 4, 6, 1, 2, 10, 9], 43.78409838392295)

Standard deviation: 1.4635501335647838
Mean: 44.91228553356469
Median 44.396797319162076


Population quantity: 250
Mutation probability: 0.3
Crossover probability: 0.8

Indiv([4, 3, 8, 7, 9, 5, 10, 2, 6, 1], 44.36271737997357)
Indiv([5, 9, 10, 2, 6, 1, 4, 3, 7, 8], 43.629476033689144)
Indiv([4, 3, 7, 8, 5, 9, 10, 2, 1, 6], 43.78409838392296)
Indiv([9, 5, 8, 7, 3, 4, 1, 6, 2, 10], 43.62947603368915)
Indiv([4, 1, 6, 2, 10, 9, 5, 8, 7, 3], 43.62947603368916)
Indiv([1, 4, 3, 7, 8, 5, 9, 10, 2, 6], 43.62947603368915)
Indiv([10, 9, 5, 8, 7, 3, 4, 6, 1, 2], 43.78409838392296)
Indiv([5, 8, 7, 3, 4, 6, 1, 2, 10, 9], 43.78409838392295)
Indiv([10, 2, 1, 6, 4, 3, 8, 7, 9, 5], 44.51733973020737)
Indiv([9, 10, 2, 6, 1, 4, 3, 7, 8, 5], 43.629476033689144)

Standard deviation: 0.32710143958418036
Mean: 43.83797324303955
Median 43.706787208806055


Population quantity: 350
Mutation probability: 0.3
Crossover probability: 0.8

Indiv([2, 6, 1, 4, 3, 7, 8, 5, 9, 10], 43.62947603368916)
Indiv([10, 2, 1, 6, 4, 3, 7, 8, 5, 9], 43.78409838392295)
Indiv([9, 10, 2, 6, 1, 4, 3, 7, 8, 5], 43.629476033689144)
Indiv([3, 7, 8, 9, 5, 10, 2, 6, 1, 4], 43.886171964352165)
Indiv([10, 5, 9, 7, 8, 3, 4, 6, 1, 2], 44.51733973020736)
Indiv([2, 6, 1, 4, 3, 7, 8, 5, 9, 10], 43.62947603368916)
Indiv([9, 10, 2, 6, 1, 4, 3, 7, 8, 5], 43.629476033689144)
Indiv([7, 3, 4, 6, 1, 2, 10, 9, 5, 8], 43.78409838392295)
Indiv([5, 8, 7, 3, 4, 6, 1, 2, 10, 9], 43.78409838392295)
Indiv([1, 4, 3, 7, 8, 5, 9, 10, 2, 6], 43.62947603368915)

Standard deviation: 0.27227749737210477
Mean: 43.79031870147741
Median 43.706787208806055


Population quantity: 500
Mutation probability: 0.3
Crossover probability: 0.8

Indiv([5, 9, 10, 2, 1, 6, 4, 3, 7, 8], 43.78409838392295)
Indiv([5, 8, 7, 3, 4, 6, 1, 2, 10, 9], 43.78409838392295)
Indiv([9, 5, 8, 7, 3, 4, 6, 1, 2, 10], 43.78409838392295)
Indiv([5, 9, 10, 2, 1, 6, 4, 3, 7, 8], 43.78409838392295)
Indiv([3, 7, 8, 5, 9, 10, 2, 6, 1, 4], 43.62947603368915)
Indiv([9, 10, 2, 6, 1, 4, 3, 7, 8, 5], 43.629476033689144)
Indiv([7, 3, 4, 1, 6, 2, 10, 9, 5, 8], 43.629476033689144)
Indiv([9, 5, 8, 7, 3, 4, 1, 6, 2, 10], 43.62947603368915)
Indiv([7, 3, 4, 1, 6, 2, 10, 9, 5, 8], 43.629476033689144)
Indiv([5, 8, 7, 3, 4, 1, 6, 2, 10, 9], 43.62947603368915)

Standard deviation: 0.07984663832093
Mean: 43.69132497378268
Median 43.62947603368915


Population quantity: 1000
Mutation probability: 0.3
Crossover probability: 0.8

Indiv([9, 10, 2, 6, 1, 4, 3, 7, 8, 5], 43.629476033689144)
Indiv([1, 4, 3, 7, 8, 5, 9, 10, 2, 6], 43.62947603368915)
Indiv([2, 6, 1, 4, 3, 7, 8, 5, 9, 10], 43.62947603368916)
Indiv([9, 10, 2, 6, 1, 4, 3, 7, 8, 5], 43.629476033689144)
Indiv([9, 10, 2, 6, 1, 4, 3, 7, 8, 5], 43.629476033689144)
Indiv([7, 3, 4, 1, 6, 2, 10, 9, 5, 8], 43.629476033689144)
Indiv([8, 5, 9, 10, 2, 6, 1, 4, 3, 7], 43.629476033689144)
Indiv([8, 5, 9, 10, 2, 6, 1, 4, 3, 7], 43.629476033689144)
Indiv([5, 9, 10, 2, 6, 1, 4, 3, 7, 8], 43.629476033689144)
Indiv([9, 10, 2, 6, 1, 4, 3, 7, 8, 5], 43.629476033689144)

Standard deviation: 1.085371957040555e-14
Mean: 43.62947603368914
Median 43.629476033689144


Population quantity: 100
Mutation probability: 0.3
Crossover probability: 0.7

Indiv([8, 7, 3, 4, 10, 1, 6, 2, 5, 9], 48.566246909794636)
Indiv([9, 5, 8, 4, 10, 2, 6, 1, 3, 7], 46.30920398298284)
Indiv([7, 3, 4, 6, 1, 2, 10, 5, 9, 8], 44.040794314585966)
Indiv([4, 1, 6, 2, 10, 8, 5, 9, 7, 3], 46.30920398298284)
Indiv([3, 4, 1, 6, 2, 10, 9, 5, 8, 7], 43.62947603368916)
Indiv([1, 6, 2, 10, 9, 5, 8, 7, 3, 4], 43.62947603368915)
Indiv([7, 3, 4, 1, 6, 2, 10, 9, 5, 8], 43.629476033689144)
Indiv([9, 5, 4, 1, 6, 2, 10, 3, 7, 8], 47.12066091971917)
Indiv([10, 2, 6, 1, 4, 3, 8, 7, 9, 5], 44.36271737997356)
Indiv([5, 9, 8, 7, 3, 6, 1, 2, 10, 4], 45.69899151486347)

Standard deviation: 1.7322633571610373
Mean: 45.32962471059699
Median 45.03085444741852


Population quantity: 250
Mutation probability: 0.3
Crossover probability: 0.7

Indiv([5, 8, 7, 3, 4, 1, 6, 2, 10, 9], 43.62947603368915)
Indiv([5, 9, 10, 2, 6, 1, 4, 3, 7, 8], 43.629476033689144)
Indiv([9, 10, 2, 6, 1, 4, 3, 7, 8, 5], 43.629476033689144)
Indiv([3, 7, 8, 5, 9, 10, 2, 1, 6, 4], 43.78409838392295)
Indiv([6, 2, 10, 4, 5, 9, 8, 7, 3, 1], 45.270803207739796)
Indiv([5, 9, 10, 2, 1, 6, 4, 3, 7, 8], 43.78409838392295)
Indiv([1, 6, 2, 10, 5, 9, 8, 7, 3, 4], 43.886171964352165)
Indiv([2, 6, 1, 4, 3, 7, 8, 5, 9, 10], 43.62947603368916)
Indiv([9, 5, 8, 7, 3, 4, 1, 6, 2, 10], 43.62947603368915)
Indiv([9, 8, 7, 3, 4, 1, 6, 2, 10, 5], 43.886171964352165)

Standard deviation: 0.5018238853470255
Mean: 43.87587240727358
Median 43.706787208806055


Population quantity: 350
Mutation probability: 0.3
Crossover probability: 0.7

Indiv([6, 2, 10, 9, 5, 8, 7, 3, 4, 1], 43.62947603368915)
Indiv([3, 4, 6, 1, 2, 10, 9, 5, 8, 7], 43.78409838392295)
Indiv([9, 10, 2, 6, 1, 4, 3, 7, 8, 5], 43.629476033689144)
Indiv([3, 7, 8, 5, 9, 10, 2, 6, 1, 4], 43.62947603368915)
Indiv([2, 10, 9, 5, 8, 7, 3, 4, 1, 6], 43.62947603368916)
Indiv([9, 5, 8, 7, 3, 4, 1, 6, 2, 10], 43.62947603368915)
Indiv([7, 3, 4, 1, 6, 2, 10, 9, 5, 8], 43.629476033689144)
Indiv([1, 4, 3, 7, 8, 5, 9, 10, 2, 6], 43.62947603368915)
Indiv([10, 5, 9, 8, 7, 3, 4, 1, 6, 2], 43.886171964352165)
Indiv([10, 2, 1, 6, 4, 3, 7, 8, 9, 5], 44.040794314585966)

Standard deviation: 0.14579685598299008
Mean: 43.711739689868516
Median 43.62947603368915


Population quantity: 500
Mutation probability: 0.3
Crossover probability: 0.7

Indiv([4, 1, 6, 2, 10, 5, 9, 8, 7, 3], 43.88617196435216)
Indiv([7, 3, 4, 1, 6, 2, 10, 9, 5, 8], 43.629476033689144)
Indiv([6, 2, 10, 9, 5, 8, 7, 3, 4, 1], 43.62947603368915)
Indiv([7, 8, 5, 9, 10, 2, 6, 1, 4, 3], 43.62947603368916)
Indiv([3, 4, 6, 1, 2, 10, 9, 5, 8, 7], 43.78409838392295)
Indiv([5, 9, 10, 2, 6, 1, 4, 3, 7, 8], 43.629476033689144)
Indiv([5, 9, 10, 2, 6, 1, 4, 3, 7, 8], 43.629476033689144)
Indiv([4, 3, 7, 8, 9, 5, 10, 2, 6, 1], 43.886171964352165)
Indiv([8, 5, 9, 10, 2, 6, 1, 4, 3, 7], 43.629476033689144)
Indiv([7, 3, 4, 1, 6, 2, 10, 9, 5, 8], 43.629476033689144)

Standard deviation: 0.11109024066803479
Mean: 43.69627745484513
Median 43.629476033689144


Population quantity: 1000
Mutation probability: 0.3
Crossover probability: 0.7

Indiv([9, 10, 2, 6, 1, 4, 3, 7, 8, 5], 43.629476033689144)
Indiv([4, 1, 6, 2, 10, 9, 5, 8, 7, 3], 43.62947603368916)
Indiv([1, 4, 3, 7, 8, 5, 9, 10, 2, 6], 43.62947603368915)
Indiv([1, 6, 2, 10, 9, 5, 8, 7, 3, 4], 43.62947603368915)
Indiv([6, 1, 4, 3, 7, 8, 5, 9, 10, 2], 43.62947603368915)
Indiv([6, 2, 10, 9, 5, 8, 7, 3, 4, 1], 43.62947603368915)
Indiv([7, 3, 4, 1, 6, 2, 10, 9, 5, 8], 43.629476033689144)
Indiv([9, 10, 2, 6, 1, 4, 3, 7, 8, 5], 43.629476033689144)
Indiv([9, 10, 2, 6, 1, 4, 3, 7, 8, 5], 43.629476033689144)
Indiv([8, 5, 9, 10, 2, 6, 1, 4, 3, 7], 43.629476033689144)

Standard deviation: 1.2972676148241318e-14
Mean: 43.62947603368914
Median 43.629476033689144


Population quantity: 100
Mutation probability: 0.3
Crossover probability: 0.6

Indiv([6, 2, 10, 4, 9, 5, 8, 7, 3, 1], 45.606365114955146)
Indiv([4, 3, 8, 7, 9, 5, 10, 2, 1, 6], 44.51733973020737)
Indiv([9, 8, 7, 3, 4, 6, 1, 2, 10, 5], 44.040794314585966)
Indiv([9, 10, 2, 6, 1, 4, 3, 8, 5, 7], 47.38360656849196)
Indiv([10, 9, 5, 8, 7, 3, 4, 6, 1, 2], 43.78409838392296)
Indiv([10, 2, 1, 6, 3, 7, 8, 5, 9, 4], 46.03455342207883)
Indiv([4, 3, 8, 7, 9, 5, 10, 2, 6, 1], 44.36271737997357)
Indiv([6, 2, 10, 3, 8, 7, 9, 5, 4, 1], 47.59720633534057)
Indiv([3, 4, 6, 1, 2, 10, 8, 7, 9, 5], 47.82562555462996)
Indiv([5, 8, 7, 3, 4, 6, 1, 2, 10, 9], 43.78409838392295)

Standard deviation: 1.6305551104874836
Mean: 45.49364051881092
Median 45.061852422581254


Population quantity: 250
Mutation probability: 0.3
Crossover probability: 0.6

Indiv([6, 2, 10, 9, 5, 7, 8, 3, 4, 1], 44.907422673972)
Indiv([6, 2, 10, 5, 9, 8, 7, 3, 4, 1], 43.886171964352165)
Indiv([6, 2, 10, 5, 9, 8, 7, 3, 4, 1], 43.886171964352165)
Indiv([2, 6, 1, 3, 7, 8, 9, 5, 4, 10], 45.27080320773979)
Indiv([8, 5, 9, 4, 10, 2, 6, 1, 3, 7], 45.60636511495515)
Indiv([2, 6, 1, 4, 3, 7, 8, 5, 9, 10], 43.62947603368916)
Indiv([7, 3, 4, 1, 6, 2, 10, 8, 5, 9], 46.30920398298284)
Indiv([3, 4, 6, 1, 2, 10, 9, 5, 8, 7], 43.78409838392295)
Indiv([2, 10, 8, 5, 9, 7, 3, 4, 1, 6], 46.30920398298284)
Indiv([9, 5, 8, 7, 3, 4, 1, 6, 2, 10], 43.62947603368915)

Standard deviation: 1.0964688058679481
Mean: 44.72183933426382
Median 44.39679731916208


Population quantity: 350
Mutation probability: 0.3
Crossover probability: 0.6

Indiv([7, 3, 4, 6, 1, 2, 10, 9, 5, 8], 43.78409838392295)
Indiv([2, 10, 5, 9, 8, 7, 3, 4, 6, 1], 44.040794314585966)
Indiv([8, 3, 4, 1, 6, 2, 10, 5, 9, 7], 44.36271737997356)
Indiv([2, 10, 5, 9, 8, 7, 3, 4, 1, 6], 43.886171964352165)
Indiv([1, 4, 3, 7, 8, 5, 9, 10, 2, 6], 43.62947603368915)
Indiv([4, 3, 7, 8, 5, 9, 10, 2, 1, 6], 43.78409838392296)
Indiv([5, 9, 10, 2, 6, 1, 4, 3, 7, 8], 43.629476033689144)
Indiv([2, 6, 1, 4, 3, 7, 8, 5, 9, 10], 43.62947603368916)
Indiv([9, 10, 2, 6, 1, 4, 3, 7, 8, 5], 43.629476033689144)
Indiv([6, 2, 10, 9, 5, 8, 7, 3, 4, 1], 43.62947603368915)

Standard deviation: 0.24220134643515043
Mean: 43.800526059520344
Median 43.706787208806055


Population quantity: 500
Mutation probability: 0.3
Crossover probability: 0.6

Indiv([1, 4, 3, 7, 8, 5, 9, 10, 2, 6], 43.62947603368915)
Indiv([6, 1, 4, 3, 7, 8, 5, 9, 10, 2], 43.62947603368915)
Indiv([1, 4, 3, 7, 8, 5, 9, 10, 2, 6], 43.62947603368915)
Indiv([9, 5, 8, 7, 3, 4, 1, 6, 2, 10], 43.62947603368915)
Indiv([2, 10, 9, 5, 8, 7, 3, 4, 6, 1], 43.78409838392296)
Indiv([4, 1, 6, 2, 10, 9, 5, 8, 7, 3], 43.62947603368916)
Indiv([1, 6, 2, 10, 9, 5, 8, 7, 3, 4], 43.62947603368915)
Indiv([5, 8, 7, 3, 4, 1, 6, 2, 10, 9], 43.62947603368915)
Indiv([3, 7, 8, 5, 9, 10, 2, 1, 6, 4], 43.78409838392295)
Indiv([4, 3, 7, 8, 9, 5, 10, 2, 1, 6], 44.040794314585966)

Standard deviation: 0.13543254556021686
Mean: 43.7015323318256
Median 43.62947603368915


Population quantity: 1000
Mutation probability: 0.3
Crossover probability: 0.6

Indiv([6, 2, 10, 9, 5, 8, 7, 3, 4, 1], 43.62947603368915)
Indiv([1, 4, 3, 7, 8, 5, 9, 10, 2, 6], 43.62947603368915)
Indiv([9, 5, 8, 7, 3, 4, 1, 6, 2, 10], 43.62947603368915)
Indiv([5, 9, 10, 2, 6, 1, 4, 3, 7, 8], 43.629476033689144)
Indiv([9, 10, 2, 6, 1, 4, 3, 7, 8, 5], 43.629476033689144)
Indiv([10, 2, 6, 1, 4, 3, 7, 8, 5, 9], 43.62947603368916)
Indiv([9, 10, 2, 6, 1, 4, 3, 7, 8, 5], 43.629476033689144)
Indiv([5, 9, 10, 2, 6, 1, 4, 3, 7, 8], 43.629476033689144)
Indiv([8, 5, 9, 10, 2, 6, 1, 4, 3, 7], 43.629476033689144)
Indiv([6, 1, 4, 3, 7, 8, 5, 9, 10, 2], 43.62947603368915)

Standard deviation: 6.6990611570507735e-15
Mean: 43.629476033689144
Median 43.629476033689144


Population quantity: 100
Mutation probability: 0.4
Crossover probability: 0.9

Indiv([10, 5, 9, 7, 8, 3, 4, 1, 6, 2], 44.36271737997356)
Indiv([10, 2, 1, 6, 4, 3, 5, 8, 7, 9], 47.622081499856236)
Indiv([10, 2, 6, 1, 3, 7, 8, 9, 5, 4], 45.27080320773979)
Indiv([10, 9, 5, 8, 7, 3, 4, 1, 6, 2], 43.62947603368916)
Indiv([10, 9, 5, 7, 8, 3, 4, 1, 6, 2], 44.90742267397199)
Indiv([4, 3, 7, 8, 9, 5, 10, 2, 6, 1], 43.886171964352165)
Indiv([4, 6, 1, 2, 10, 9, 5, 8, 7, 3], 43.78409838392295)
Indiv([5, 8, 7, 3, 4, 1, 6, 2, 10, 9], 43.62947603368915)
Indiv([7, 3, 4, 1, 6, 2, 10, 5, 9, 8], 43.886171964352165)
Indiv([5, 9, 10, 2, 6, 1, 4, 3, 7, 8], 43.629476033689144)

Standard deviation: 1.2494672810101926
Mean: 44.46078951752363
Median 43.886171964352165


Population quantity: 250
Mutation probability: 0.4
Crossover probability: 0.9

Indiv([7, 8, 5, 9, 10, 2, 6, 1, 4, 3], 43.62947603368916)
Indiv([9, 10, 2, 6, 1, 4, 3, 7, 8, 5], 43.629476033689144)
Indiv([10, 5, 9, 7, 8, 3, 4, 6, 1, 2], 44.51733973020736)
Indiv([5, 9, 10, 2, 1, 6, 4, 3, 7, 8], 43.78409838392295)
Indiv([7, 3, 4, 1, 6, 2, 10, 9, 5, 8], 43.629476033689144)
Indiv([7, 3, 4, 1, 6, 2, 10, 9, 5, 8], 43.629476033689144)
Indiv([8, 3, 6, 1, 2, 10, 4, 5, 9, 7], 46.17553693048487)
Indiv([6, 1, 4, 3, 7, 8, 5, 9, 10, 2], 43.62947603368915)
Indiv([9, 5, 8, 7, 3, 4, 1, 6, 2, 10], 43.62947603368915)
Indiv([1, 6, 2, 10, 9, 5, 8, 7, 3, 4], 43.62947603368915)

Standard deviation: 0.8169638362983901
Mean: 43.98833072804393
Median 43.62947603368915


Population quantity: 350
Mutation probability: 0.4
Crossover probability: 0.9

Indiv([3, 7, 8, 5, 9, 10, 2, 1, 6, 4], 43.78409838392295)
Indiv([3, 4, 1, 6, 2, 10, 5, 9, 8, 7], 43.88617196435216)
Indiv([9, 10, 2, 6, 1, 4, 3, 7, 8, 5], 43.629476033689144)
Indiv([1, 4, 3, 7, 8, 5, 9, 10, 2, 6], 43.62947603368915)
Indiv([3, 7, 8, 5, 9, 10, 2, 6, 1, 4], 43.62947603368915)
Indiv([2, 10, 5, 9, 8, 7, 3, 4, 1, 6], 43.886171964352165)
Indiv([4, 3, 8, 7, 9, 5, 10, 2, 6, 1], 44.36271737997357)
Indiv([5, 8, 7, 3, 4, 6, 1, 2, 10, 9], 43.78409838392295)
Indiv([5, 8, 7, 3, 4, 1, 6, 2, 10, 9], 43.62947603368915)
Indiv([1, 4, 3, 7, 8, 5, 9, 10, 2, 6], 43.62947603368915)

Standard deviation: 0.22977501301103748
Mean: 43.78506382449696
Median 43.70678720880605


Population quantity: 500
Mutation probability: 0.4
Crossover probability: 0.9

Indiv([2, 6, 1, 4, 3, 7, 8, 5, 9, 10], 43.62947603368916)
Indiv([2, 10, 9, 5, 8, 7, 3, 4, 1, 6], 43.62947603368916)
Indiv([1, 4, 3, 7, 8, 5, 9, 10, 2, 6], 43.62947603368915)
Indiv([5, 9, 10, 2, 6, 1, 4, 3, 7, 8], 43.629476033689144)
Indiv([8, 7, 3, 4, 6, 1, 2, 10, 9, 5], 43.78409838392295)
Indiv([8, 5, 9, 10, 2, 6, 1, 4, 3, 7], 43.629476033689144)
Indiv([9, 10, 2, 6, 1, 4, 3, 7, 8, 5], 43.629476033689144)
Indiv([5, 8, 7, 3, 4, 1, 6, 2, 10, 9], 43.62947603368915)
Indiv([5, 8, 7, 3, 4, 1, 6, 2, 10, 9], 43.62947603368915)
Indiv([8, 7, 3, 4, 1, 6, 2, 10, 9, 5], 43.62947603368916)

Standard deviation: 0.048895880390707955
Mean: 43.64493826871254
Median 43.62947603368915


Population quantity: 1000
Mutation probability: 0.4
Crossover probability: 0.9

Indiv([3, 7, 8, 5, 9, 10, 2, 6, 1, 4], 43.62947603368915)
Indiv([9, 5, 8, 7, 3, 4, 1, 6, 2, 10], 43.62947603368915)
Indiv([9, 5, 8, 7, 3, 4, 1, 6, 2, 10], 43.62947603368915)
Indiv([9, 5, 8, 7, 3, 4, 1, 6, 2, 10], 43.62947603368915)
Indiv([3, 7, 8, 5, 9, 10, 2, 6, 1, 4], 43.62947603368915)
Indiv([9, 10, 2, 6, 1, 4, 3, 7, 8, 5], 43.629476033689144)
Indiv([8, 7, 3, 4, 6, 1, 2, 10, 9, 5], 43.78409838392295)
Indiv([5, 9, 10, 2, 6, 1, 4, 3, 7, 8], 43.629476033689144)
Indiv([6, 2, 10, 9, 5, 8, 7, 3, 4, 1], 43.62947603368915)
Indiv([9, 10, 2, 6, 1, 4, 3, 7, 8, 5], 43.629476033689144)

Standard deviation: 0.0488958803907087
Mean: 43.64493826871253
Median 43.62947603368915


Population quantity: 100
Mutation probability: 0.4
Crossover probability: 0.8

Indiv([8, 7, 3, 4, 1, 6, 2, 10, 9, 5], 43.62947603368916)
Indiv([4, 3, 7, 8, 9, 5, 10, 2, 6, 1], 43.886171964352165)
Indiv([8, 9, 5, 4, 10, 2, 1, 6, 3, 7], 45.698991514863465)
Indiv([10, 5, 9, 8, 7, 3, 4, 6, 1, 2], 44.040794314585966)
Indiv([6, 1, 4, 3, 7, 8, 5, 9, 10, 2], 43.62947603368915)
Indiv([7, 9, 8, 5, 10, 2, 1, 6, 4, 3], 46.51697820910593)
Indiv([10, 2, 6, 1, 4, 3, 7, 8, 5, 9], 43.62947603368916)
Indiv([10, 8, 9, 5, 7, 3, 4, 1, 6, 2], 47.110605207644284)
Indiv([3, 7, 8, 5, 9, 10, 2, 6, 1, 4], 43.62947603368915)
Indiv([5, 8, 7, 3, 4, 6, 1, 2, 10, 9], 43.78409838392295)

Standard deviation: 1.350785621688571
Mean: 44.55555437292314
Median 43.83513517413756


Population quantity: 250
Mutation probability: 0.4
Crossover probability: 0.8

Indiv([9, 5, 8, 7, 3, 4, 1, 6, 2, 10], 43.62947603368915)
Indiv([9, 5, 8, 7, 3, 4, 1, 6, 2, 10], 43.62947603368915)
Indiv([9, 10, 2, 6, 1, 4, 3, 7, 8, 5], 43.629476033689144)
Indiv([9, 8, 7, 3, 1, 6, 2, 10, 4, 5], 45.27080320773979)
Indiv([5, 8, 7, 3, 4, 2, 1, 6, 10, 9], 46.39920613823287)
Indiv([8, 5, 9, 10, 2, 1, 6, 4, 3, 7], 43.78409838392295)
Indiv([9, 10, 2, 1, 6, 4, 3, 7, 8, 5], 43.78409838392295)
Indiv([4, 3, 7, 8, 9, 5, 10, 2, 6, 1], 43.886171964352165)
Indiv([3, 4, 6, 1, 2, 10, 9, 5, 8, 7], 43.78409838392295)
Indiv([9, 5, 8, 7, 3, 4, 1, 6, 2, 10], 43.62947603368915)

Standard deviation: 0.935095010588366
Mean: 44.14263805968504
Median 43.78409838392295


Population quantity: 350
Mutation probability: 0.4
Crossover probability: 0.8

Indiv([5, 10, 2, 1, 6, 4, 3, 7, 8, 9], 44.04079431458596)
Indiv([8, 7, 3, 4, 1, 6, 2, 10, 9, 5], 43.62947603368916)
Indiv([8, 5, 9, 10, 2, 1, 6, 4, 3, 7], 43.78409838392295)
Indiv([8, 5, 9, 10, 2, 6, 1, 4, 3, 7], 43.629476033689144)
Indiv([9, 5, 8, 7, 3, 4, 1, 6, 2, 10], 43.62947603368915)
Indiv([4, 3, 7, 8, 9, 5, 10, 2, 1, 6], 44.040794314585966)
Indiv([2, 1, 6, 4, 3, 7, 8, 5, 9, 10], 43.78409838392295)
Indiv([6, 1, 4, 3, 8, 7, 9, 5, 10, 2], 44.36271737997356)
Indiv([7, 3, 4, 6, 1, 2, 10, 9, 5, 8], 43.78409838392295)
Indiv([5, 8, 7, 3, 4, 1, 6, 2, 10, 9], 43.62947603368915)

Standard deviation: 0.24490260468302433
Mean: 43.83145052956709
Median 43.78409838392295


Population quantity: 500
Mutation probability: 0.4
Crossover probability: 0.8

Indiv([9, 10, 2, 6, 1, 4, 3, 7, 8, 5], 43.629476033689144)
Indiv([3, 7, 8, 5, 9, 10, 2, 6, 1, 4], 43.62947603368915)
Indiv([9, 10, 2, 6, 1, 4, 3, 7, 8, 5], 43.629476033689144)
Indiv([9, 10, 2, 6, 1, 4, 3, 7, 8, 5], 43.629476033689144)
Indiv([7, 3, 4, 1, 6, 2, 10, 9, 5, 8], 43.629476033689144)
Indiv([7, 3, 4, 1, 6, 2, 10, 9, 5, 8], 43.629476033689144)
Indiv([1, 6, 2, 10, 9, 5, 8, 7, 3, 4], 43.62947603368915)
Indiv([9, 10, 2, 6, 1, 4, 3, 7, 8, 5], 43.629476033689144)
Indiv([10, 2, 6, 1, 4, 3, 7, 8, 5, 9], 43.62947603368916)
Indiv([2, 10, 5, 9, 8, 7, 3, 4, 1, 6], 43.886171964352165)

Standard deviation: 0.08117438069917926
Mean: 43.65514562675545
Median 43.629476033689144


Population quantity: 1000
Mutation probability: 0.4
Crossover probability: 0.8

Indiv([5, 8, 7, 3, 4, 1, 6, 2, 10, 9], 43.62947603368915)
Indiv([9, 10, 2, 6, 1, 4, 3, 7, 8, 5], 43.629476033689144)
Indiv([7, 3, 4, 1, 6, 2, 10, 9, 5, 8], 43.629476033689144)
Indiv([8, 5, 9, 10, 2, 6, 1, 4, 3, 7], 43.629476033689144)
Indiv([1, 6, 2, 10, 9, 5, 8, 7, 3, 4], 43.62947603368915)
Indiv([4, 1, 6, 2, 10, 9, 5, 8, 7, 3], 43.62947603368916)
Indiv([9, 10, 2, 6, 1, 4, 3, 7, 8, 5], 43.629476033689144)
Indiv([1, 4, 3, 7, 8, 5, 9, 10, 2, 6], 43.62947603368915)
Indiv([9, 5, 8, 7, 3, 4, 1, 6, 2, 10], 43.62947603368915)
Indiv([9, 10, 2, 1, 6, 4, 3, 7, 8, 5], 43.78409838392295)

Standard deviation: 0.0488958803907087
Mean: 43.64493826871253
Median 43.62947603368915


Population quantity: 100
Mutation probability: 0.4
Crossover probability: 0.7

Indiv([3, 7, 9, 8, 5, 10, 2, 1, 6, 4], 46.51697820910593)
Indiv([1, 2, 10, 5, 8, 9, 7, 3, 4, 6], 46.51697820910593)
Indiv([2, 10, 4, 3, 7, 8, 5, 9, 6, 1], 47.16282124515093)
Indiv([9, 7, 8, 10, 2, 1, 6, 4, 3, 5], 47.82562555462995)
Indiv([2, 6, 1, 5, 9, 8, 7, 3, 4, 10], 46.88115911245379)
Indiv([6, 1, 3, 8, 7, 5, 9, 4, 10, 2], 46.88431175523799)
Indiv([10, 2, 6, 1, 4, 3, 8, 7, 5, 9], 44.90742267397199)
Indiv([3, 4, 6, 1, 2, 10, 5, 9, 7, 8], 44.51733973020736)
Indiv([8, 7, 3, 1, 6, 2, 10, 4, 5, 9], 45.27080320773979)
Indiv([9, 8, 7, 3, 1, 6, 2, 10, 4, 5], 45.27080320773979)

Standard deviation: 1.101805049742766
Mean: 46.175424290534345
Median 46.51697820910593


Population quantity: 250
Mutation probability: 0.4
Crossover probability: 0.7

Indiv([8, 7, 9, 5, 4, 10, 2, 1, 6, 3], 46.175536930484874)
Indiv([8, 7, 3, 4, 1, 6, 2, 10, 9, 5], 43.62947603368916)
Indiv([1, 4, 3, 7, 8, 5, 9, 10, 2, 6], 43.62947603368915)
Indiv([5, 8, 7, 3, 4, 1, 6, 2, 10, 9], 43.62947603368915)
Indiv([9, 8, 7, 3, 4, 6, 1, 2, 10, 5], 44.040794314585966)
Indiv([3, 4, 1, 6, 2, 10, 5, 9, 8, 7], 43.88617196435216)
Indiv([3, 4, 6, 1, 2, 10, 9, 5, 8, 7], 43.78409838392295)
Indiv([1, 4, 3, 7, 8, 5, 9, 10, 2, 6], 43.62947603368915)
Indiv([7, 3, 4, 1, 6, 2, 10, 5, 9, 8], 43.886171964352165)
Indiv([7, 8, 9, 5, 10, 2, 6, 1, 4, 3], 43.88617196435216)

Standard deviation: 0.7721638818037933
Mean: 44.017684965680694
Median 43.835135174137555


Population quantity: 350
Mutation probability: 0.4
Crossover probability: 0.7

Indiv([5, 9, 10, 2, 1, 6, 4, 3, 7, 8], 43.78409838392295)
Indiv([10, 2, 6, 1, 4, 3, 7, 8, 5, 9], 43.62947603368916)
Indiv([8, 5, 9, 10, 2, 6, 1, 4, 3, 7], 43.629476033689144)
Indiv([4, 1, 6, 2, 10, 9, 5, 8, 7, 3], 43.62947603368916)
Indiv([4, 1, 6, 2, 10, 5, 9, 8, 7, 3], 43.88617196435216)
Indiv([5, 8, 7, 3, 4, 6, 1, 2, 10, 9], 43.78409838392295)
Indiv([10, 5, 9, 8, 7, 3, 4, 1, 6, 2], 43.886171964352165)
Indiv([5, 9, 10, 2, 6, 1, 4, 3, 7, 8], 43.629476033689144)
Indiv([10, 2, 6, 1, 4, 3, 7, 8, 5, 9], 43.62947603368916)
Indiv([9, 10, 2, 6, 1, 4, 3, 7, 8, 5], 43.629476033689144)

Standard deviation: 0.11151913275885451
Mean: 43.71173968986852
Median 43.62947603368916


Population quantity: 500
Mutation probability: 0.4
Crossover probability: 0.7

Indiv([4, 1, 6, 2, 10, 9, 5, 8, 7, 3], 43.62947603368916)
Indiv([10, 9, 5, 8, 7, 3, 4, 6, 1, 2], 43.78409838392296)
Indiv([9, 10, 2, 6, 1, 4, 3, 7, 8, 5], 43.629476033689144)
Indiv([8, 5, 9, 10, 2, 6, 1, 4, 3, 7], 43.629476033689144)
Indiv([7, 8, 5, 9, 10, 2, 6, 1, 4, 3], 43.62947603368916)
Indiv([9, 10, 2, 1, 6, 4, 3, 7, 8, 5], 43.78409838392295)
Indiv([6, 2, 10, 9, 5, 8, 7, 3, 4, 1], 43.62947603368915)
Indiv([5, 9, 10, 2, 1, 6, 4, 3, 7, 8], 43.78409838392295)
Indiv([4, 1, 6, 2, 10, 9, 5, 8, 7, 3], 43.62947603368916)
Indiv([7, 3, 4, 6, 1, 2, 10, 9, 5, 8], 43.78409838392295)

Standard deviation: 0.07984663832092848
Mean: 43.691324973782685
Median 43.62947603368916


Population quantity: 1000
Mutation probability: 0.4
Crossover probability: 0.7

Indiv([4, 3, 7, 8, 5, 9, 10, 2, 6, 1], 43.62947603368916)
Indiv([7, 3, 4, 1, 6, 2, 10, 9, 5, 8], 43.629476033689144)
Indiv([6, 1, 4, 3, 7, 8, 5, 9, 10, 2], 43.62947603368915)
Indiv([3, 7, 8, 5, 9, 10, 2, 6, 1, 4], 43.62947603368915)
Indiv([7, 3, 4, 1, 6, 2, 10, 9, 5, 8], 43.629476033689144)
Indiv([8, 5, 9, 10, 2, 6, 1, 4, 3, 7], 43.629476033689144)
Indiv([7, 8, 5, 9, 10, 2, 6, 1, 4, 3], 43.62947603368916)
Indiv([7, 3, 4, 1, 6, 2, 10, 9, 5, 8], 43.629476033689144)
Indiv([7, 3, 4, 6, 1, 2, 10, 9, 5, 8], 43.78409838392295)
Indiv([8, 7, 3, 4, 1, 6, 2, 10, 9, 5], 43.62947603368916)

Standard deviation: 0.0488958803907082
Mean: 43.64493826871254
Median 43.62947603368915


Population quantity: 100
Mutation probability: 0.4
Crossover probability: 0.6

Indiv([5, 9, 7, 8, 3, 4, 6, 1, 2, 10], 44.51733973020737)
Indiv([3, 4, 1, 6, 2, 10, 9, 5, 7, 8], 44.90742267397199)
Indiv([3, 7, 8, 5, 9, 4, 10, 2, 1, 6], 46.03455342207883)
Indiv([4, 8, 5, 9, 7, 3, 1, 6, 2, 10], 46.30920398298284)
Indiv([8, 7, 9, 5, 10, 2, 1, 6, 4, 3], 44.51733973020736)
Indiv([10, 2, 6, 1, 4, 3, 7, 9, 8, 5], 46.36235585887213)
Indiv([2, 1, 6, 10, 5, 9, 7, 8, 3, 4], 47.132447484517286)
Indiv([9, 8, 7, 3, 4, 6, 2, 10, 1, 5], 51.87375169900254)
Indiv([10, 2, 6, 1, 4, 3, 7, 8, 9, 5], 43.886171964352165)
Indiv([2, 10, 9, 5, 8, 7, 3, 4, 6, 1], 43.78409838392296)

Standard deviation: 2.3789510105158507
Mean: 45.93246849301155
Median 45.47098804802541


Population quantity: 250
Mutation probability: 0.4
Crossover probability: 0.6

Indiv([9, 10, 2, 6, 1, 4, 3, 7, 8, 5], 43.629476033689144)
Indiv([1, 4, 3, 8, 7, 9, 5, 10, 2, 6], 44.36271737997356)
Indiv([5, 8, 7, 3, 4, 2, 6, 1, 10, 9], 46.42210346818049)
Indiv([4, 6, 1, 2, 10, 9, 5, 8, 7, 3], 43.78409838392295)
Indiv([8, 3, 1, 6, 2, 10, 4, 5, 9, 7], 45.747348623361184)
Indiv([8, 7, 9, 5, 10, 2, 6, 1, 4, 3], 44.36271737997356)
Indiv([9, 5, 4, 10, 2, 6, 1, 3, 7, 8], 45.27080320773979)
Indiv([7, 3, 4, 1, 6, 2, 10, 9, 5, 8], 43.629476033689144)
Indiv([10, 9, 5, 8, 7, 3, 4, 6, 1, 2], 43.78409838392296)
Indiv([3, 4, 6, 1, 2, 10, 9, 5, 8, 7], 43.78409838392295)

Standard deviation: 0.996124968562769
Mean: 44.47769372783758
Median 44.073407881948256


Population quantity: 350
Mutation probability: 0.4
Crossover probability: 0.6

Indiv([1, 4, 3, 7, 8, 5, 9, 10, 2, 6], 43.62947603368915)
Indiv([7, 3, 4, 1, 6, 2, 10, 9, 5, 8], 43.629476033689144)
Indiv([1, 4, 3, 8, 7, 9, 5, 10, 2, 6], 44.36271737997356)
Indiv([2, 1, 6, 3, 7, 8, 9, 5, 4, 10], 45.69899151486347)
Indiv([9, 10, 2, 6, 1, 4, 3, 7, 8, 5], 43.629476033689144)
Indiv([9, 10, 2, 6, 1, 4, 3, 7, 8, 5], 43.629476033689144)
Indiv([7, 3, 4, 1, 6, 2, 10, 9, 5, 8], 43.629476033689144)
Indiv([3, 4, 1, 6, 2, 10, 9, 5, 8, 7], 43.62947603368916)
Indiv([9, 5, 8, 7, 3, 4, 1, 6, 2, 10], 43.62947603368915)
Indiv([3, 4, 1, 6, 2, 10, 9, 5, 8, 7], 43.62947603368916)

Standard deviation: 0.6695763681724031
Mean: 43.909751716435025
Median 43.62947603368915


Population quantity: 500
Mutation probability: 0.4
Crossover probability: 0.6

Indiv([4, 1, 6, 2, 10, 9, 5, 8, 7, 3], 43.62947603368916)
Indiv([4, 10, 2, 6, 1, 3, 7, 8, 9, 5], 45.27080320773979)
Indiv([4, 6, 1, 2, 10, 9, 5, 8, 7, 3], 43.78409838392295)
Indiv([10, 2, 1, 6, 4, 3, 7, 8, 5, 9], 43.78409838392295)
Indiv([9, 5, 8, 7, 3, 4, 1, 6, 2, 10], 43.62947603368915)
Indiv([7, 3, 4, 1, 6, 2, 10, 9, 5, 8], 43.629476033689144)
Indiv([3, 7, 8, 5, 9, 10, 2, 6, 1, 4], 43.62947603368915)
Indiv([9, 10, 2, 6, 1, 4, 3, 7, 8, 5], 43.629476033689144)
Indiv([9, 10, 2, 6, 1, 4, 3, 7, 8, 5], 43.629476033689144)
Indiv([1, 4, 3, 7, 8, 5, 9, 10, 2, 6], 43.62947603368915)

Standard deviation: 0.5122171816822481
Mean: 43.82453322114098
Median 43.62947603368915


Population quantity: 1000
Mutation probability: 0.4
Crossover probability: 0.6

Indiv([7, 3, 4, 1, 6, 2, 10, 9, 5, 8], 43.629476033689144)
Indiv([6, 1, 4, 3, 7, 8, 5, 9, 10, 2], 43.62947603368915)
Indiv([7, 3, 4, 1, 6, 2, 10, 9, 5, 8], 43.629476033689144)
Indiv([7, 3, 4, 1, 6, 2, 10, 9, 5, 8], 43.629476033689144)
Indiv([9, 10, 2, 6, 1, 4, 3, 7, 8, 5], 43.629476033689144)
Indiv([9, 10, 2, 6, 1, 4, 3, 7, 8, 5], 43.629476033689144)
Indiv([9, 10, 2, 6, 1, 4, 3, 7, 8, 5], 43.629476033689144)
Indiv([9, 10, 2, 6, 1, 4, 3, 7, 8, 5], 43.629476033689144)
Indiv([7, 3, 4, 1, 6, 2, 10, 9, 5, 8], 43.629476033689144)
Indiv([8, 5, 9, 10, 2, 6, 1, 4, 3, 7], 43.629476033689144)

Standard deviation: 8.539660890638339e-15
Mean: 43.62947603368914
Median 43.629476033689144

